map=[[395, 643, 428, 112], [111, 602, 378, 153], [0, 569, 249, 186], [900, 466, 200, 289], [1048, 584, 280, 171], [1327, 722, 162, 33], [1513, 324, 188, 431], [1370, 246, 18, 390], [1686, 420, 297, 335]]
falling_block=[]
spike_block=[[1327, 722, 162, 33]]
moving_block=[]
glitch_crystal=[]
non_glitch_block=[[395, 643, 428, 112], [111, 602, 378, 153], [0, 569, 249, 186], [900, 466, 200, 289], [1048, 584, 280, 171], [1513, 324, 188, 431], [1370, 246, 18, 390], [1686, 420, 297, 335]]
start_point=[148, 490, 11, 11]
end_point=[1856, 363, 11, 11]
tv_pos=[950,365]
glitched_lock=True
camera_limit_move=[919,0,0,0]
