map=[[0, 502, 399, 253], [390, 484, 636, 271], [626, -191, 87, 681], [1127, 233, 47, 157], [1209, 355, 212, 86], [1499, 49, 382, 506], [1502, 541, 378, 240], [1300, 706, 1, 0], [1334, 682, 1, 1], [550, 665, 3, 0], [549, 658, 0, 0]]
falling_block=[]
spike_block=[[1203, 678, 303, 95]]
moving_block=[]
glitch_crystal=[]
non_glitch_block=[[0, 502, 399, 253], [390, 484, 636, 271], [1209, 355, 212, 86], [1499, 49, 382, 506], [1502, 541, 378, 240]]
start_point=[82, 430, 11, 11]
end_point=[1635, -29, 11, 11]
tv_pos=[250,405]
glitched_lock=False
camera_limit_move=[817, 0, 0, -491]
