map=[[0, 571, 398, 184], [701, 159, 199, 94], [500, -138, 198, 85], [843, -301, 124, 135], [1196, -119, 224, 82], [-800, 565, 376, 190], [684, -50, 15, 210], [676, 252, 27, 156], [438, 400, 183, 84], [-267, 406, 103, 178], [160, 189, 0, 0]]
falling_block=[[701, 159, 199, 94], [500, -138, 198, 85], [438, 400, 183, 84]]
spike_block=[[910, -148, 104, 116], [836, -363, 119, 51], [-315, 372, 204, 30], [641, 161, 57, 93]]
moving_block=[]
glitch_crystal=[]
non_glitch_block=[[1196, -119, 224, 82], [684, -50, 15, 210], [676, 252, 27, 156]]
start_point=[-676, 497, 11, 11]
end_point=[1288, -191, 11, 11]
tv_pos=[]
glitched_lock=False
camera_limit_move=[356, -800, 0, -601]
