map=[[0, 580, 599, 175], [601, 641, 235, 114], [1009, 548, 222, 207], [1331, 616, 38, 139], [1371, 566, 138, 189], [1365, 304, 143, 141], [1502, 551, 182, 204], [1617, 260, 45, 45], [1732, 136, 249, 619], [1676, 545, 178, 210], [709, 65, 297, 175]]
falling_block=[]
spike_block=[[837, 701, 164, 53]]
moving_block=[]
glitch_crystal=[]
non_glitch_block=[[0, 580, 599, 175], [601, 641, 235, 114], [709, 65, 297, 175], [1009, 548, 222, 207], [1371, 566, 138, 189], [1502, 551, 182, 204], [1732, 136, 249, 619], [1676, 545, 178, 210], [1331, 616, 38, 139], [1365, 304, 143, 141]]
start_point=[49, 501, 11, 11]
end_point=[1847, 35, 11, 11]
tv_pos=[250,480]
glitched_lock=True
camera_limit_move=(2050,0, 0, 0)
