map=[[0, 510, 303, 245], [266, 558, 349, 197], [901, 417, 284, 342], [688, 417, 87, 33], [1120, 599, 217, 156], [1126, 193, 30, 94], [1285, 260, 148, 27], [1507, 566, 30, 151], [1660, 719, 181, 53], [1895, 636, 96, 42], [1926, 443, 33, 92], [2021, 503, 141, 35]]
falling_block=[[688, 417, 87, 33], [1285, 260, 148, 27], [1660, 719, 181, 53]]
spike_block=[[628, 688, 257, 67], [1290, 323, 207, 176], [1365, 450, 108, 241], [1192, 283, 207, 173], [1641, 204, 78, 380], [1485, 447, 59, 111], [1998, 543, 133, 191]]
moving_block=[]
glitch_crystal=[]
non_glitch_block=[[0, 510, 303, 245], [266, 558, 349, 197], [901, 417, 284, 342], [1507, 566, 30, 151], [1895, 636, 96, 42], [2021, 503, 141, 35]]
start_point=[35, 415, 11, 11]
end_point=[2113, 440, 11, 11]
tv_pos=[]
glitched_lock=True
camera_limit_move=[1098,0,0,-2000]
